4 7 5
4 7 9
4 7 11
4 7 12
4 7 13
4 7 15
4 7 20
4 7 21
4 7 24
4 7 25
4 7 29
4 7 31
4 7 34
4 7 35
4 7 36
4 8 5
4 8 9
4 8 11
4 8 15
4 8 19
4 8 23
4 8 26
4 8 28
4 8 30
4 8 32
4 8 34
4 9 5
4 9 7
4 9 9
4 9 11
4 9 12
4 9 13
4 9 15
4 9 19
4 9 23
3 9 26
4 9 28
4 9 30
4 9 32
4 9 34
4 9 35
4 9 36
4 10 5
4 10 7
4 10 9
4 10 11
4 10 15
4 10 19
4 10 23
2 10 26
4 10 28
4 10 32
4 10 34
4 11 6
4 11 8
4 11 11
4 11 12
4 11 13
4 11 15
4 11 16
4 11 17
4 11 20
4 11 21
4 11 24
4 11 25
4 11 28
4 11 32
4 11 34
4 11 35
4 11 36
4 15 15
4 15 16
4 15 17
4 15 18
4 15 19
3 15 20
2 15 21
4 15 22
4 15 23
4 15 24
4 15 25
4 15 26
4 16 14
4 16 27
4 17 13
4 17 28
4 18 13
4 18 28
4 19 13
4 19 28
4 20 14
4 20 27
4 21 15
4 21 16
4 21 17
4 21 18
4 21 19
2 21 20
3 21 21
4 21 22
4 21 23
4 21 24
4 21 25
4 21 26
